bounds = [(0, 100),(0, 1), (0,100), (0,100), (0, 100), (1,3)]

Optimal Parameters:
mu_p: 0.28841621258145267
mu_b: 0.8020569077807085
mu_r: 0.08592759991847715
sigma_p: 6.345393036221168
sigma_b: 99.9991633709758
sigma_r: 2.99805566014616

Final Error: 28.76126