Optimal Parameters:
mu_p: 3.202565189361845
mu_b: 8.685752144154945
mu_r: 0.011950942195104794
sigma_p: 5.688346799543506
sigma_b: 93.23630546545539
sigma_r: 9.253626439822199

Final Error: 15.63900

bounds = [(0, 10),(0, 10), (0,10), (0,10), (90, 101), (0,10)]  # bounds for: μ_p, μ_b, μ_r, σ_p, σ_b, σ_r (in this order)